{
    "w": 4500,
    "h": 3001,
    "fl_x": 4495.1225089272675,
    "fl_y": 4495.17552096857,
    "cx": 2226.2780096570136,
    "cy": 1494.9833715649881,
    "k1": -0.019524121046429026,
    "k2": 0.05099641221392166,
    "p1": 0.0007103267788847774,
    "p2": -0.0012994066873013392,
    "camera_model": "OPENCV",
    "frames": [
        {
            "file_path": "images/frame_00001.JPG",
            "transform_matrix": [
                [
                    0.9668433616091404,
                    0.05515878431287516,
                    -0.2493419792683586,
                    -1.1221542114981957
                ],
                [
                    -0.24159499770474532,
                    -0.11878004558173484,
                    -0.96308003709746,
                    -2.3213315950665803
                ],
                [
                    -0.0827391757052302,
                    0.9913873154749999,
                    -0.10151561219286583,
                    -1.876385170908578
                ],
                [
                    0.0,
                    0.0,
                    0.0,
                    1.0
                ]
            ],
            "colmap_im_id": 1
        },
        {
            "file_path": "images/frame_00002.JPG",
            "transform_matrix": [
                [
                    0.9806612573335043,
                    -0.07582795820676265,
                    0.1804262151663781,
                    0.5995953357441073
                ],
                [
                    0.1715178597907135,
                    -0.11102927752662999,
                    -0.9789045527040559,
                    -2.4381833062766356
                ],
                [
                    0.09426092582764012,
                    0.9909200877397267,
                    -0.09587626179617194,
                    -1.8778823427570617
                ],
                [
                    0.0,
                    0.0,
                    0.0,
                    1.0
                ]
            ],
            "colmap_im_id": 2
        },
        {
            "file_path": "images/frame_00003.JPG",
            "transform_matrix": [
                [
                    0.8464414641236724,
                    -0.17590095995064053,
                    0.5025889971941455,
                    1.9093881433084523
                ],
                [
                    0.48393806691162544,
                    -0.13961343980333726,
                    -0.8638935321092054,
                    -2.0139340311189318
                ],
                [
                    0.22212788029874328,
                    0.9744572539186739,
                    -0.033049433872066686,
                    -1.6427983416115097
                ],
                [
                    0.0,
                    0.0,
                    0.0,
                    1.0
                ]
            ],
            "colmap_im_id": 3
        },
        {
            "file_path": "images/frame_00004.JPG",
            "transform_matrix": [
                [
                    0.5313552330093482,
                    -0.27238583349791284,
                    0.80216430615132,
                    3.1491458097332217
                ],
                [
                    0.7793451928825215,
                    -0.21401726078285593,
                    -0.5889122875419636,
                    -0.9423329895270137
                ],
                [
                    0.332088371799566,
                    0.9380845216699026,
                    0.09856339847460045,
                    -1.1254668156895367
                ],
                [
                    0.0,
                    0.0,
                    0.0,
                    1.0
                ]
            ],
            "colmap_im_id": 4
        },
        {
            "file_path": "images/frame_00005.JPG",
            "transform_matrix": [
                [
                    0.07120094074229921,
                    -0.32679088789303024,
                    0.9424108136197806,
                    3.763889301044077
                ],
                [
                    0.9259955888063793,
                    -0.32953243935028076,
                    -0.18422958754494465,
                    0.6683466068050093
                ],
                [
                    0.37075948477218834,
                    0.8857855762011133,
                    0.27914390096422137,
                    -0.4042246642006152
                ],
                [
                    0.0,
                    0.0,
                    0.0,
                    1.0
                ]
            ],
            "colmap_im_id": 5
        },
        {
            "file_path": "images/frame_00006.JPG",
            "transform_matrix": [
                [
                    -0.30187358701383166,
                    -0.32433649880990695,
                    0.896480994223041,
                    3.619679734729635
                ],
                [
                    0.8910650522726301,
                    -0.43030215093852586,
                    0.14437150520809805,
                    1.9917632823300808
                ],
                [
                    0.3389327515625718,
                    0.8424048281185296,
                    0.4189017730695521,
                    0.16099983435047596
                ],
                [
                    0.0,
                    0.0,
                    0.0,
                    1.0
                ]
            ],
            "colmap_im_id": 6
        },
        {
            "file_path": "images/frame_00007.JPG",
            "transform_matrix": [
                [
                    -0.6923551620864169,
                    -0.2711554505811702,
                    0.6686696128525738,
                    2.7443840417405814
                ],
                [
                    0.6821566311429584,
                    -0.5480108983313219,
                    0.484093364856186,
                    3.370030057488655
                ],
                [
                    0.23517368075526193,
                    0.7913019505411444,
                    0.5643886630238082,
                    0.754124130504273
                ],
                [
                    0.0,
                    0.0,
                    0.0,
                    1.0
                ]
            ],
            "colmap_im_id": 7
        },
        {
            "file_path": "images/frame_00008.JPG",
            "transform_matrix": [
                [
                    -0.6924491424755903,
                    -0.2712476408460967,
                    0.668534892447841,
                    2.7440810811247567
                ],
                [
                    0.682074559353282,
                    -0.548124845894839,
                    0.484080002474575,
                    3.3702939565685788
                ],
                [
                    0.23513502624629465,
                    0.7911914247817564,
                    0.5645596946151655,
                    0.7544247822705286
                ],
                [
                    0.0,
                    0.0,
                    0.0,
                    1.0
                ]
            ],
            "colmap_im_id": 8
        },
        {
            "file_path": "images/frame_00009.JPG",
            "transform_matrix": [
                [
                    -0.9208787066715839,
                    -0.1763552527192564,
                    0.3476797843378279,
                    1.4849998758329161
                ],
                [
                    0.37780052402956876,
                    -0.6237087511739378,
                    0.6842909890916512,
                    4.202268805761029
                ],
                [
                    0.09617261378300268,
                    0.7615026057390574,
                    0.6409872150135065,
                    1.0754737918659205
                ],
                [
                    0.0,
                    0.0,
                    0.0,
                    1.0
                ]
            ],
            "colmap_im_id": 9
        },
        {
            "file_path": "images/frame_00010.JPG",
            "transform_matrix": [
                [
                    -0.9938483375650505,
                    -0.03246813265756704,
                    -0.10588343723602608,
                    -0.31945945575472295
                ],
                [
                    -0.05863871696769353,
                    -0.6567850918553967,
                    0.7517944160399708,
                    4.520575771376124
                ],
                [
                    -0.09395202388223246,
                    0.753378499479663,
                    0.6508408820366186,
                    1.1372091477545498
                ],
                [
                    0.0,
                    0.0,
                    0.0,
                    1.0
                ]
            ],
            "colmap_im_id": 10
        },
        {
            "file_path": "images/frame_00011.JPG",
            "transform_matrix": [
                [
                    -0.8796532612945324,
                    0.08639594147001341,
                    -0.4677027701344093,
                    -1.778441487582946
                ],
                [
                    -0.41090629028769254,
                    -0.6332555849468359,
                    0.6558531731535986,
                    4.179540243957424
                ],
                [
                    -0.23951233892202015,
                    0.7691053929281412,
                    0.5925459763368178,
                    0.9205948735668127
                ],
                [
                    0.0,
                    0.0,
                    0.0,
                    1.0
                ]
            ],
            "colmap_im_id": 11
        },
        {
            "file_path": "images/frame_00012.JPG",
            "transform_matrix": [
                [
                    -0.6506079491311576,
                    0.17842974807986578,
                    -0.7381545377002723,
                    -2.8862313227465117
                ],
                [
                    -0.6775661905438939,
                    -0.5753432904217183,
                    0.4581311554550117,
                    3.419117897633195
                ],
                [
                    -0.3429480339048215,
                    0.7982123296259371,
                    0.4952208829138281,
                    0.5443267243547756
                ],
                [
                    0.0,
                    0.0,
                    0.0,
                    1.0
                ]
            ],
            "colmap_im_id": 12
        },
        {
            "file_path": "images/frame_00013.JPG",
            "transform_matrix": [
                [
                    -0.24499559380275765,
                    0.25041342057220095,
                    -0.9366270751022324,
                    -3.7273649532468975
                ],
                [
                    -0.8791504237129371,
                    -0.46466743660656296,
                    0.10572939914161913,
                    2.035701548798728
                ],
                [
                    -0.40874404154996063,
                    0.8493393268622476,
                    0.333992539351687,
                    -0.09224193117314351
                ],
                [
                    0.0,
                    0.0,
                    0.0,
                    1.0
                ]
            ],
            "colmap_im_id": 13
        },
        {
            "file_path": "images/frame_00014.JPG",
            "transform_matrix": [
                [
                    0.226582065615006,
                    0.26019176450876974,
                    -0.9385951274236669,
                    -3.7918612935303018
                ],
                [
                    -0.8919900020692593,
                    -0.33158719511648754,
                    -0.3072519621471319,
                    0.38806021069741914
                ],
                [
                    -0.39117055583226,
                    0.9068352539003944,
                    0.1569567409616022,
                    -0.8025953167448773
                ],
                [
                    0.0,
                    0.0,
                    0.0,
                    1.0
                ]
            ],
            "colmap_im_id": 14
        },
        {
            "file_path": "images/frame_00015.JPG",
            "transform_matrix": [
                [
                    0.6735674719110338,
                    0.19645002251475266,
                    -0.7125407001970708,
                    -2.941880268063295
                ],
                [
                    -0.6829497531368683,
                    -0.2032271929486279,
                    -0.7016255003465249,
                    -1.2165226302068324
                ],
                [
                    -0.28264199170269994,
                    0.9592216097962839,
                    -0.0027217321978005825,
                    -1.4550044951463894
                ],
                [
                    0.0,
                    0.0,
                    0.0,
                    1.0
                ]
            ],
            "colmap_im_id": 15
        },
        {
            "file_path": "images/frame_00016.JPG",
            "transform_matrix": [
                [
                    0.8309646908023741,
                    0.14321084269864767,
                    -0.5375763547378718,
                    -2.26034794843648
                ],
                [
                    -0.5171910040579526,
                    -0.15715021849844607,
                    -0.841318770827929,
                    -1.797031646636856
                ],
                [
                    -0.20496621175511287,
                    0.9771358469319574,
                    -0.0565189231967877,
                    -1.6790873457084414
                ],
                [
                    0.0,
                    0.0,
                    0.0,
                    1.0
                ]
            ],
            "colmap_im_id": 16
        },
        {
            "file_path": "images/frame_00017.JPG",
            "transform_matrix": [
                [
                    0.9578829377010036,
                    0.0645871708807498,
                    -0.27980131346888987,
                    -1.2431150265048625
                ],
                [
                    -0.2708820869813233,
                    -0.12015489678493271,
                    -0.9550841301850035,
                    -2.2848202278977907
                ],
                [
                    -0.09530567986189419,
                    0.9906519561057873,
                    -0.09759881787111535,
                    -1.858792898870747
                ],
                [
                    0.0,
                    0.0,
                    0.0,
                    1.0
                ]
            ],
            "colmap_im_id": 17
        },
        {
            "file_path": "images/frame_00018.JPG",
            "transform_matrix": [
                [
                    0.9965706577364453,
                    0.0037198592749984544,
                    -0.08266248717358429,
                    -0.458695476727884
                ],
                [
                    -0.08177960703402432,
                    -0.10796592556151646,
                    -0.9907852717874877,
                    -2.4521263710540695
                ],
                [
                    -0.012610313719703564,
                    0.9941476356983501,
                    -0.10729146482023333,
                    -1.9085999657350596
                ],
                [
                    0.0,
                    0.0,
                    0.0,
                    1.0
                ]
            ],
            "colmap_im_id": 18
        },
        {
            "file_path": "images/frame_00019.JPG",
            "transform_matrix": [
                [
                    0.9738670105973126,
                    0.09150171847337815,
                    -0.2078713091955513,
                    -0.9047006974037654
                ],
                [
                    -0.20922633626056858,
                    0.005367608755982136,
                    -0.9778525088126645,
                    -2.54511256519463
                ],
                [
                    -0.08835941311050743,
                    0.9957904519991451,
                    0.02437190641097518,
                    -1.406105545778366
                ],
                [
                    0.0,
                    0.0,
                    0.0,
                    1.0
                ]
            ],
            "colmap_im_id": 19
        },
        {
            "file_path": "images/frame_00020.JPG",
            "transform_matrix": [
                [
                    0.9981123066528858,
                    -0.026777123966867603,
                    0.05527032603593499,
                    0.1941322321274049
                ],
                [
                    0.05588215814239229,
                    0.02266607775714019,
                    -0.9981800605704644,
                    -2.6411065761713104
                ],
                [
                    0.025475629715557745,
                    0.9993844278110252,
                    0.024119654629067802,
                    -1.410496309904959
                ],
                [
                    0.0,
                    0.0,
                    0.0,
                    1.0
                ]
            ],
            "colmap_im_id": 20
        },
        {
            "file_path": "images/frame_00021.JPG",
            "transform_matrix": [
                [
                    0.9717551680433087,
                    -0.09845286001512724,
                    0.2144736061522789,
                    0.860627001728224
                ],
                [
                    0.2171265219241584,
                    0.016945761561775245,
                    -0.9759963701993002,
                    -2.555322611525248
                ],
                [
                    0.09245521541935339,
                    0.9949974248810564,
                    0.03784385844265537,
                    -1.3542717535330862
                ],
                [
                    0.0,
                    0.0,
                    0.0,
                    1.0
                ]
            ],
            "colmap_im_id": 21
        },
        {
            "file_path": "images/frame_00022.JPG",
            "transform_matrix": [
                [
                    0.8683757523408027,
                    -0.20849948806866972,
                    0.44994612591025573,
                    1.8464041897747197
                ],
                [
                    0.4579506379490975,
                    -0.010975196491771559,
                    -0.8889098707203007,
                    -2.1984096560385966
                ],
                [
                    0.19027550012694652,
                    0.9779608931532331,
                    0.08595187906247725,
                    -1.157048356604858
                ],
                [
                    0.0,
                    0.0,
                    0.0,
                    1.0
                ]
            ],
            "colmap_im_id": 22
        },
        {
            "file_path": "images/frame_00023.JPG",
            "transform_matrix": [
                [
                    0.667774249212345,
                    -0.31720037750291724,
                    0.6733954800864762,
                    2.78420173812612
                ],
                [
                    0.689966701380677,
                    -0.0757112787641682,
                    -0.7198706503628011,
                    -1.4981473438390172
                ],
                [
                    0.27932687495970915,
                    0.9453315411959453,
                    0.1682996558087443,
                    -0.816426834297436
                ],
                [
                    0.0,
                    0.0,
                    0.0,
                    1.0
                ]
            ],
            "colmap_im_id": 23
        },
        {
            "file_path": "images/frame_00024.JPG",
            "transform_matrix": [
                [
                    0.34624004066124175,
                    -0.4082145453358348,
                    0.8446766950846691,
                    3.5070184016462957
                ],
                [
                    0.8737568374665533,
                    -0.18749219680597431,
                    -0.44877128374854475,
                    -0.36983265680807403
                ],
                [
                    0.3415652547074258,
                    0.8934246253115746,
                    0.29176294429471983,
                    -0.3009705344496653
                ],
                [
                    0.0,
                    0.0,
                    0.0,
                    1.0
                ]
            ],
            "colmap_im_id": 24
        },
        {
            "file_path": "images/frame_00025.JPG",
            "transform_matrix": [
                [
                    0.018083986988557343,
                    -0.44745203326137,
                    0.8941250736585263,
                    3.719975620130306
                ],
                [
                    0.9358550460211483,
                    -0.307189064539873,
                    -0.17265633919399995,
                    0.7836848154170777
                ],
                [
                    0.35192087498662783,
                    0.8398937769488376,
                    0.4131950401339091,
                    0.20536972183011717
                ],
                [
                    0.0,
                    0.0,
                    0.0,
                    1.0
                ]
            ],
            "colmap_im_id": 25
        },
        {
            "file_path": "images/frame_00026.JPG",
            "transform_matrix": [
                [
                    -0.38658060432218666,
                    -0.43490070380053836,
                    0.8132753618521146,
                    3.3885378497348997
                ],
                [
                    0.8700668487821837,
                    -0.46441740851241364,
                    0.16522756828342364,
                    2.192882082509011
                ],
                [
                    0.30584165022464194,
                    0.7714777044765518,
                    0.5579274473293616,
                    0.8107596956390182
                ],
                [
                    0.0,
                    0.0,
                    0.0,
                    1.0
                ]
            ],
            "colmap_im_id": 26
        },
        {
            "file_path": "images/frame_00027.JPG",
            "transform_matrix": [
                [
                    -0.6975168348357543,
                    -0.3637631819541729,
                    0.6173707253954348,
                    2.576596956666606
                ],
                [
                    0.6830948124200903,
                    -0.5978025040003633,
                    0.41953979960863813,
                    3.250749702037619
                ],
                [
                    0.21645263307585727,
                    0.7143588129682944,
                    0.6654620529895431,
                    1.258259059617237
                ],
                [
                    0.0,
                    0.0,
                    0.0,
                    1.0
                ]
            ],
            "colmap_im_id": 27
        },
        {
            "file_path": "images/frame_00028.JPG",
            "transform_matrix": [
                [
                    -0.9112378263761228,
                    -0.24213901710082142,
                    0.33318811530239983,
                    1.4001668833047693
                ],
                [
                    0.4023626963278031,
                    -0.6962248828051381,
                    0.5944536762160616,
                    3.982561580629599
                ],
                [
                    0.08803342765755089,
                    0.675751144253874,
                    0.7318541566831759,
                    1.5362900468475473
                ],
                [
                    0.0,
                    0.0,
                    0.0,
                    1.0
                ]
            ],
            "colmap_im_id": 28
        },
        {
            "file_path": "images/frame_00029.JPG",
            "transform_matrix": [
                [
                    -0.9814957753779562,
                    -0.14685048937991843,
                    0.12288603128144385,
                    0.5268227772293452
                ],
                [
                    0.19140274508556762,
                    -0.7337285688560315,
                    0.6519258979502113,
                    4.2258647230409
                ],
                [
                    -0.005570645288899865,
                    0.6633832384175515,
                    0.7482590773907841,
                    1.607009192628925
                ],
                [
                    0.0,
                    0.0,
                    0.0,
                    1.0
                ]
            ],
            "colmap_im_id": 29
        },
        {
            "file_path": "images/frame_00030.JPG",
            "transform_matrix": [
                [
                    -0.9578253822690517,
                    0.04464217493816091,
                    -0.28386196169606426,
                    -1.1649234248219407
                ],
                [
                    -0.22200180482449014,
                    -0.7421717177022605,
                    0.6323735763751885,
                    4.155332481664383
                ],
                [
                    -0.18244378787948962,
                    0.6687213303459574,
                    0.720781552625008,
                    1.4983539248723927
                ],
                [
                    0.0,
                    0.0,
                    0.0,
                    1.0
                ]
            ],
            "colmap_im_id": 30
        },
        {
            "file_path": "images/frame_00031.JPG",
            "transform_matrix": [
                [
                    -0.7885655222082133,
                    0.1932099552457694,
                    -0.5838101835172244,
                    -2.4156128230433103
                ],
                [
                    -0.5325997525038152,
                    -0.689161246137572,
                    0.491318919292737,
                    3.577781441754379
                ],
                [
                    -0.30741164717258546,
                    0.6983743194133333,
                    0.6463523722913078,
                    1.1920117021362584
                ],
                [
                    0.0,
                    0.0,
                    0.0,
                    1.0
                ]
            ],
            "colmap_im_id": 31
        },
        {
            "file_path": "images/frame_00032.JPG",
            "transform_matrix": [
                [
                    -0.43410119955960424,
                    0.3278509112992989,
                    -0.8390887488824614,
                    -3.486159930712005
                ],
                [
                    -0.8039329321928782,
                    -0.5612817009638906,
                    0.19660796702790184,
                    2.360842385416355
                ],
                [
                    -0.4065070590736107,
                    0.7599188325889162,
                    0.5072232041222317,
                    0.6165352762454235
                ],
                [
                    0.0,
                    0.0,
                    0.0,
                    1.0
                ]
            ],
            "colmap_im_id": 32
        },
        {
            "file_path": "images/frame_00033.JPG",
            "transform_matrix": [
                [
                    -0.1172265186643513,
                    0.37807064888639674,
                    -0.9183248487177375,
                    -3.825050007075527
                ],
                [
                    -0.895293801147443,
                    -0.4404048978488115,
                    -0.06702637971530895,
                    1.2686363845824353
                ],
                [
                    -0.42977546806303324,
                    0.8143132753439533,
                    0.3901114413213279,
                    0.12991901972645678
                ],
                [
                    0.0,
                    0.0,
                    0.0,
                    1.0
                ]
            ],
            "colmap_im_id": 33
        },
        {
            "file_path": "images/frame_00034.JPG",
            "transform_matrix": [
                [
                    0.2791336054893009,
                    0.37726375514749105,
                    -0.8830382151065468,
                    -3.6906507058000386
                ],
                [
                    -0.8725088794753234,
                    -0.28438817090807256,
                    -0.39730545363017067,
                    -0.1055747325405856
                ],
                [
                    -0.4010145702131756,
                    0.8813599873488555,
                    0.24978368076631283,
                    -0.4540871973037183
                ],
                [
                    0.0,
                    0.0,
                    0.0,
                    1.0
                ]
            ],
            "colmap_im_id": 34
        },
        {
            "file_path": "images/frame_00035.JPG",
            "transform_matrix": [
                [
                    0.6108997800439688,
                    0.3171579810178561,
                    -0.7254049033601218,
                    -3.0448347461094536
                ],
                [
                    -0.7227865563602366,
                    -0.15048317536193237,
                    -0.6744882562935404,
                    -1.2651698090665275
                ],
                [
                    -0.3230805668670602,
                    0.9363576394784565,
                    0.137307386193139,
                    -0.9247101277850263
                ],
                [
                    0.0,
                    0.0,
                    0.0,
                    1.0
                ]
            ],
            "colmap_im_id": 35
        },
        {
            "file_path": "images/frame_00036.JPG",
            "transform_matrix": [
                [
                    0.8659827103609691,
                    0.20246608947631436,
                    -0.4572542268454589,
                    -1.9366318924712873
                ],
                [
                    -0.45874350100770683,
                    -0.042357575744675045,
                    -0.8875585817624805,
                    -2.16090395833848
                ],
                [
                    -0.1990686957787724,
                    0.9783727911124693,
                    0.056199074474010464,
                    -1.2668943622952769
                ],
                [
                    0.0,
                    0.0,
                    0.0,
                    1.0
                ]
            ],
            "colmap_im_id": 36
        },
        {
            "file_path": "images/frame_00037.JPG",
            "transform_matrix": [
                [
                    0.9999927975416901,
                    -0.0008130187717175466,
                    -0.0037072719377992482,
                    -0.05166369281350005
                ],
                [
                    -0.0036877728384317634,
                    0.022799885851186502,
                    -0.9997332471898017,
                    -2.6442879143586637
                ],
                [
                    0.0008973272736765769,
                    0.9997397182295248,
                    0.02279672340741572,
                    -1.4135098890919782
                ],
                [
                    0.0,
                    0.0,
                    0.0,
                    1.0
                ]
            ],
            "colmap_im_id": 37
        },
        {
            "file_path": "images/frame_00038.JPG",
            "transform_matrix": [
                [
                    0.9997354823363892,
                    -0.0013071996230439187,
                    0.022962068434120034,
                    0.0998044376387477
                ],
                [
                    0.022655295852864073,
                    0.22798990970454655,
                    -0.973399886296856,
                    -2.9949868718927433
                ],
                [
                    -0.0039626919444864005,
                    0.9736626172869421,
                    0.22795921734050342,
                    -0.5090461039636318
                ],
                [
                    0.0,
                    0.0,
                    0.0,
                    1.0
                ]
            ],
            "colmap_im_id": 38
        },
        {
            "file_path": "images/frame_00039.JPG",
            "transform_matrix": [
                [
                    0.999899817505149,
                    0.011285678661940406,
                    0.00854332548302142,
                    0.0992995986982458
                ],
                [
                    0.005755963715161088,
                    0.22721979591556152,
                    -0.9738264903081043,
                    -2.9727673889979047
                ],
                [
                    -0.012931505514794835,
                    0.9737781050122405,
                    0.2271320725126481,
                    -0.5035849929363325
                ],
                [
                    0.0,
                    0.0,
                    0.0,
                    1.0
                ]
            ],
            "colmap_im_id": 39
        },
        {
            "file_path": "images/frame_00040.JPG",
            "transform_matrix": [
                [
                    0.9819159000283532,
                    -0.1006264888521688,
                    0.16036045339420005,
                    0.8015819313181859
                ],
                [
                    0.17945600821088792,
                    0.22490646872201478,
                    -0.9577121808998814,
                    -2.888247135811329
                ],
                [
                    0.06030511079935741,
                    0.9691704649174354,
                    0.23889726566706343,
                    -0.4459686682161674
                ],
                [
                    0.0,
                    0.0,
                    0.0,
                    1.0
                ]
            ],
            "colmap_im_id": 40
        },
        {
            "file_path": "images/frame_00041.JPG",
            "transform_matrix": [
                [
                    0.916014086262551,
                    -0.22797521250136538,
                    0.33006892651920605,
                    1.5863669230697874
                ],
                [
                    0.37556792165015906,
                    0.19827491120854876,
                    -0.9053373933582012,
                    -2.63387962374826
                ],
                [
                    0.14095009753797155,
                    0.9532651058704497,
                    0.2672427883663784,
                    -0.3102828492168033
                ],
                [
                    0.0,
                    0.0,
                    0.0,
                    1.0
                ]
            ],
            "colmap_im_id": 41
        },
        {
            "file_path": "images/frame_00042.JPG",
            "transform_matrix": [
                [
                    0.7657719436167246,
                    -0.37668304643183564,
                    0.5212515831153858,
                    2.4645956030967446
                ],
                [
                    0.6007905716643169,
                    0.1298439257931704,
                    -0.7887910014280597,
                    -2.0773296282281914
                ],
                [
                    0.22944284553833327,
                    0.9171970548717703,
                    0.32573845822350067,
                    -0.0310826900852545
                ],
                [
                    0.0,
                    0.0,
                    0.0,
                    1.0
                ]
            ],
            "colmap_im_id": 42
        },
        {
            "file_path": "images/frame_00043.JPG",
            "transform_matrix": [
                [
                    0.45483839682824545,
                    -0.5361380887289943,
                    0.7111103870600773,
                    3.324821998094106
                ],
                [
                    0.8338250871851963,
                    -0.024104411222857454,
                    -0.5515022224254398,
                    -0.9584515736724927
                ],
                [
                    0.31282224465550945,
                    0.8437860671838691,
                    0.43608177682066496,
                    0.4854669127289523
                ],
                [
                    0.0,
                    0.0,
                    0.0,
                    1.0
                ]
            ],
            "colmap_im_id": 43
        },
        {
            "file_path": "images/frame_00044.JPG",
            "transform_matrix": [
                [
                    0.03342532875858699,
                    -0.6198190865993386,
                    0.7840325549902509,
                    3.6336443021277023
                ],
                [
                    0.9409015810047766,
                    -0.2450203384884999,
                    -0.2338145602602447,
                    0.5268221763755924
                ],
                [
                    0.3370266491838454,
                    0.7455127990947857,
                    0.5749988731517363,
                    1.133494868087087
                ],
                [
                    0.0,
                    0.0,
                    0.0,
                    1.0
                ]
            ],
            "colmap_im_id": 44
        },
        {
            "file_path": "images/frame_00045.JPG",
            "transform_matrix": [
                [
                    -0.36998075195813396,
                    -0.6005615248666468,
                    0.7088300910869549,
                    3.2529613684538217
                ],
                [
                    0.8813012367810946,
                    -0.46830580335868616,
                    0.06322819457083748,
                    1.8981318211004485
                ],
                [
                    0.2939768243052598,
                    0.6480860509148637,
                    0.7025397479011211,
                    1.722314821028106
                ],
                [
                    0.0,
                    0.0,
                    0.0,
                    1.0
